# graphite carbon partial phonon DOS, derived with IRMA from the vendored
# phonopy model (tests/mode2_euphonic_n1_validation/graphite, 24x24x24 mesh):
# histogram of the mesh modes (no smearing), normalized to one phonon per atom.
# columns: frequency [meV]   DOS [1/meV]
0 0
0.500536 4.81736e-05
1.00107 4.81736e-05
1.50161 0.000144521
2.00215 0.000192695
2.50268 0.000192695
3.00322 0.000289042
3.50375 0.000385389
4.00429 0.000481736
4.50483 0.000337215
5.00536 0.000722604
5.5059 0.000385389
6.00644 0.00110799
6.50697 0.000722604
7.00751 0.00115617
7.50805 0.00101165
8.00858 0.000915299
8.50912 0.00125251
9.00965 0.00139704
9.51019 0.00154156
10.0107 0.0018306
10.5113 0.0016379
11.0118 0.00192695
11.5123 0.00197512
12.0129 0.00187877
12.5134 0.00134886
13.0139 0.00197512
13.5145 0.00240868
14.015 0.00216781
14.5156 0.00250503
15.0161 0.00317946
15.5166 0.00385389
16.0172 0.00481736
16.5177 0.00481736
17.0182 0.00399841
17.5188 0.00395024
18.0193 0.00317946
18.5198 0.00332398
19.0204 0.00293859
19.5209 0.00245686
20.0215 0.00260138
20.522 0.00448015
21.0225 0.00317946
21.5231 0.00245686
22.0236 0.00236051
22.5241 0.00269772
23.0247 0.0027459
23.5252 0.00380572
24.0257 0.00375754
24.5263 0.00298677
25.0268 0.00423928
25.5274 0.00385389
26.0279 0.00298677
26.5284 0.00313129
27.029 0.00370937
27.5295 0.0027459
28.03 0.00250503
28.5306 0.00289042
29.0311 0.00337215
29.5316 0.00317946
30.0322 0.00240868
30.5327 0.00356485
31.0333 0.00356485
31.5338 0.00289042
32.0343 0.00515458
32.5349 0.00187877
33.0354 0.00226416
33.5359 0.0027459
34.0365 0.00423928
34.537 0.00578084
35.0375 0.00231233
35.5381 0.00501006
36.0386 0.00317946
36.5392 0.00317946
37.0397 0.00221599
37.5402 0.00322763
38.0408 0.00539545
38.5413 0.00236051
39.0418 0.00428745
39.5424 0.00289042
40.0429 0.00688883
40.5434 0.00385389
41.044 0.00260138
41.5445 0.00385389
42.0451 0.0025532
42.5456 0.00260138
43.0461 0.00240868
43.5467 0.00939386
44.0472 0.00414293
44.5477 0.00491371
45.0483 0.00457649
45.5488 0.00351668
46.0493 0.00342033
46.5499 0.00322763
47.0504 0.00375754
47.551 0.00308311
48.0515 0.00664796
48.552 0.00664796
49.0526 0.00520275
49.5531 0.00231233
50.0536 0.00154156
50.5542 0.00385389
51.0547 0.00414293
51.5552 0.00452832
52.0558 0.0117544
52.5563 0.0103092
53.0569 0.00240868
53.5574 0.00544362
54.0579 0.00544362
54.5585 0.00404659
55.059 0.00308311
55.5595 0.00587718
56.0601 0.00674431
56.5606 0.00953838
57.0611 0.00790048
57.5617 0.00525093
58.0622 0.00645527
58.5628 0.00910482
59.0633 0.00862308
59.5638 0.0123324
60.0644 0.00818952
60.5649 0.0060217
61.0654 0.0034685
61.566 0.00327581
62.0665 0.00158973
62.567 0.000915299
63.0676 0.00534727
63.5681 0.000433563
64.0687 0.00134886
64.5692 0.00501006
65.0697 0.00240868
65.5703 0.0051064
66.0708 0.0034685
66.5713 0.0034685
67.0719 0.00231233
67.5724 0
68.0729 0.00626257
68.5735 0.00231233
69.074 0.0036612
69.5746 0.00279407
70.0751 0.00578084
70.5756 0.0034685
71.0762 0.0052991
71.5767 0.00279407
72.0772 0.00780413
72.5778 0.00606988
73.0783 0.00231233
73.5788 0.0062144
74.0794 0.00833404
74.5799 0.00732239
75.0805 0.00587718
75.581 9.63473e-05
76.0815 0.0148375
76.5821 0.0131032
77.0826 0.0120434
77.5831 0.0134886
78.0837 0.0105019
78.5842 0.0106464
79.0847 0.0142112
79.5853 0.00414293
80.0858 0.0101165
80.5864 0.00828586
81.0869 0.0159936
81.5874 0.0071297
82.088 0.00385389
82.5885 0.00722604
83.089 0.00462467
83.5896 0.0114653
84.0901 0.00953838
84.5906 0.00211964
85.0912 0.00635892
85.5917 0.0114653
86.0923 0.00915299
86.5928 0.00915299
87.0933 0.00549179
87.5939 0.00423928
88.0944 0.0108872
88.5949 0.00433563
89.0955 0.006937
89.596 0.00337215
90.0965 0.01609
90.5971 0.00423928
91.0976 0.00626257
91.5982 0.00703335
92.0987 0.00423928
92.5992 0.00751509
93.0998 0.00606988
93.6003 0.0103092
94.1008 0.00741874
94.6014 0.0108872
95.1019 0.00491371
95.6024 0.00992377
96.103 0.00231233
96.6035 0.00558814
97.1041 0.011658
97.6046 0.00375754
98.1051 0.00645527
98.6057 0.00809317
99.1062 0.00558814
99.6067 0.00881577
100.107 0.00871943
100.608 0.00635892
101.108 0.00626257
101.609 0.0109836
102.109 0.0087676
102.61 0.0105019
103.11 0.00606988
103.611 0.00770778
104.112 0.00915299
104.612 0.00578084
105.113 0.00828586
105.613 0.00794865
106.114 0.01055
106.614 0.00891212
107.115 0.00818952
107.615 0.00385389
108.116 0.0025532
108.616 0.0036612
109.117 0.00395024
109.617 0.00549179
110.118 0.000770778
110.619 0.00337215
111.119 0.00356485
111.62 0.00115617
112.12 0.00115617
112.621 0.00423928
113.121 0.00154156
113.622 0.000385389
114.122 0.00308311
114.623 0.00231233
115.123 0
115.624 0.00501006
116.124 0.00549179
116.625 0.00105982
117.126 0
117.626 0.00231233
118.127 0.00356485
118.627 0.00289042
119.128 0.00462467
119.628 0.0016379
120.129 0
120.629 0
121.13 0.00115617
121.63 0.0051064
122.131 0.00472102
122.631 0.00462467
123.132 0.000578084
123.632 0
124.133 0.000963473
124.634 0.00134886
125.134 0.0016379
125.635 0.00221599
126.135 0.000770778
126.636 0.00154156
127.136 0.00375754
127.637 0.00202329
128.137 0.00298677
128.638 0.0018306
129.138 0.00211964
129.639 0.000770778
130.139 0
130.64 0.0016379
131.141 0.00216781
131.641 0.00216781
132.142 0.00443197
132.642 0
133.143 0.00337215
133.643 0.00221599
134.144 0.00260138
134.644 0.00105982
135.145 0.00269772
135.645 0.00356485
136.146 0.000674431
136.646 0.000481736
137.147 0.00472102
137.647 0.00173425
138.148 0.000770778
138.649 0.00443197
139.149 0.00240868
139.65 0.00337215
140.15 0.00404659
140.651 0
141.151 0.00105982
141.652 0.00375754
142.152 0.00443197
142.653 0.00293859
143.153 0.00052991
143.654 0.00462467
144.154 0.000578084
144.655 0.00298677
145.156 0.00568449
145.656 0.00231233
146.157 0.00231233
146.657 0.00462467
147.158 0
147.658 0.00375754
148.159 0.00433563
148.659 0.00462467
149.16 0.000674431
149.66 0.00250503
150.161 0.00838221
150.661 0.00578084
151.162 0.00231233
151.663 0.0016379
152.163 0.000674431
152.664 0.00202329
153.164 0.00505823
153.665 0.00101165
154.165 0.00231233
154.666 0.00395024
155.166 0.00337215
155.667 0.00423928
156.167 0.00462467
156.668 0.000385389
157.168 0.00308311
157.669 0.00423928
158.169 0.000385389
158.67 0
159.171 0.0036612
159.671 0.000963473
160.172 0.0115617
160.672 0.00264955
161.173 0.000818952
161.673 0.00578084
162.174 0.000385389
162.674 0.00520275
163.175 0.00423928
163.675 0.00751509
164.176 0.0036612
164.676 0.00178242
165.177 0.00929751
165.678 0.00260138
166.178 0.0034685
166.679 0.0129105
167.179 0.00558814
167.68 0.00105982
168.18 0.00794865
168.681 0.00139704
169.181 0.0104055
169.682 0.00414293
170.182 0.011658
170.683 0.00472102
171.183 0.00578084
171.684 0.0110799
172.185 0.00154156
172.685 0.0103092
173.186 0.0192695
173.686 0.006937
174.187 0.0123324
174.687 0.0201366
175.188 0.0176315
175.688 0.0177279
176.189 0.0210037
176.689 0.0122843
177.19 0.0135368
177.69 0.0143076
178.191 0.0128142
178.691 0.0113208
179.192 0.0211964
179.693 0.00452832
180.193 0.00818952
180.694 0.006937
181.194 0.0155119
181.695 0.00645527
182.195 0.00688883
182.696 0.00708152
183.196 0.00606988
183.697 0.0114653
184.197 0.0130551
184.698 0.00226416
185.198 0.00597353
185.699 0.00606988
186.2 0.00578084
186.7 0.011658
187.201 0.00337215
187.701 0.00380572
188.202 0.00881577
188.702 0.0123324
189.203 0.00568449
189.703 0.00549179
190.204 0.00192695
190.704 0.0101646
191.205 0.00669613
191.705 0.00472102
192.206 0.00606988
192.706 0.0153192
193.207 0.00404659
193.708 0.00722604
194.208 0.00433563
194.709 0.00751509
195.209 0.00327581
195.71 0.00568449
196.21 0.0102128
196.711 0.00279407
197.211 0.00616622
197.712 0.0071297
198.212 0.00597353
198.713 0.0104055
199.213 0.00900847
199.714 0.0112245
200.215 0.0225934
200.715 0.00611805
201.216 0
201.716 0
202.217 0
202.717 0
203.218 0
203.718 0
204.219 0
204.719 0
205.22 0
205.72 0
206.221 0
206.722 0
207.222 0
207.723 0
208.223 0
208.724 0
209.224 0
209.725 0
210.225 0
210.726 0
